0412045683
0103182456
2304119876
1204151289
0319023457
2405037890
0401148902
0302145671
1501053482
2204037896
0711142789
2001056793
2404012345
2005147890
1501053782
2001146789
1203045687
0801057891
0503024568
0701148903
1604052378
1203045679
2401047890
2304056890
2405146790
0502056893
2204057892
0302145672
0411046789
0102184569
2304057893
0412045684
2405037891
2304057894
1203045678
1501053483
0319023458
2401047891
1203045677
2204037895
2404012346
0347365019
0813579600
0932518646
2322783146
1222719855
2253792046
2459047582
1830594673
1117501491
1148034264
0907431964
1614237519
2135470264
2357328919
0751928055
1002916500
2000127455
1239453619
0251465291
0426245891
1441593400
1244780328
1256892400
0842369455
1730687328
1233124582
0733846255
0507913246
1134897164
1131802646
1512597437
0933490728
1429657482
0450867128
0509012364
0202983064
0152908646
1001056891
0621643828
1000874164
2218124500
0946473019
0722158373
1749845600
1123672591
1352856173
2443956428
0424719055
0455940319
1455892746
0730379155
2231643973
1511829646
2226572191
0755804164
1113954100
1034196537
0414512682
0519251046
2342435691
0215179428
0218051464
2010716346
0758534691
0104183073
2010714937
2042547319
0629106837
2327891400
1140978428
1013967146
0903546073
2420924364
2439027682
1853890764
0134375064
1649380655
1940397419
1939130782
1012463182
2221843900
2319827355
0142189646
2345380473
1524517828
0757196537
2035861237
1331095482
2012085473
2109784600
2242908473
0429137055
1541435791
0146795437
2217345064
2205193873
0350641573
1413621573
1150237546
0336401591
0512309419
0538270319
1746342873
1352837155
1533765082
2439476582
0548270946
0756541782
0832710937
0535783491
0837568300
1827459282
1823142064
0601624591
0331354200
0311537428
1432087537
1716389100
1036938719
2456138073
1752037919
0141784328
1339148200
0156190373
2031875400
0544521300
0910785328
1411957328
1926082973
1030624891
1804580273
0422791082
0834053973
1904572082
0355623700
0832591600
0341284755
1933890219
0913718091
1257182655
0426305946
2312103782
2436038746
2003051246
2413907646
1010871428
1926127037
2424056373
0830254937
0330682791
1815974182
0838625391
1917509846
1332945364
0921390746
0603408955
1945406937
0419257846
1149780219
0506084973
0508062146
0946087437
0418471291
1123750182
1330945764
0251962355
1604376100
0551463091
2241972364
0142901482
0958529700
0240184264
1756718591
2001703846
1101745091
1624038519
1002073519
0139712655
2015497364
0151835291
0529132482
0616790246
2148719537
0125814637
0401794255
2202601737
1616814755
0807208946
1931937500
0818234173
2047498600
0251724900
1341698728
1019145082
0253529864
1318306428
1811724564
0745839073
1334256873
2408754391
2234821055
2450681246
1022938155
1700865146
1042408573
2208047155
0442580619
1332738019
1809105273
0345369146
0625614728
2406352091
0530391573
1706495237
1333085219
2054975837
2325976419
1219120837
0142351800
0841829355
0151293564
2247436028
1230614291
0851079382
2108203673
0739854237
1625963219
1617163255
0619673482
1528602346
0803107646
1701693755
0420984655
0126318473
1312415364
1156397855
1716413282
0831207655
1547163500
2421869746
0248492519
2400136291
0826917528
2238914637
0911704982
1027518300
2442431564
0930768946
1425239873
1111026346
1612960873
0220894537
1740281564
0840139455
0202975046
2123590464
1235013473
0446270582
1401379055
1207095146
1434960837
1622579682
1152086519
1410593728
1542657819
2208924364
1301978346
0712487300
0949870155
1929846037
1057250191
1914873028
0447103246
0905042791
1157251900
0828746091
1102936019
0251253800
1956047855
1131279537
0227823546
0552314691
0551086573
1541350846
0120581946
2327513482
0809376455
0624918373
1446487928
2021659873
1003529464
1737406382
0149145600
1845608191
0737413928
1842153064
0417098319
1952150637
2448942064
1213582646
2421723482
0747318464
1623041591
0304723891
0256120537
1901236073
0258594100
1623579846
2036897046
1914865028
0930147255
2336584900
0128740519
0716580437
1108130673
1051970828
0702193646
0231354873
1331069873
0727092419
2318652391
1232584300
2140629573
0528652319
1707249600
1214639019
0541963246
2434156291
1658192373
0623801646
0949704128
1324610373
0105612382
0131975082
1330231591
2459386419
1247248037
1857362582
1421459600
2319325764
0756538700
1056134700
1126791482
1531743564
0411032473
2451284691
1555270482
0129457682
2046573200
0539286473
1930564828
0137320891
1103972564
1424183573
1114903764
2055374800
1545123873
1242304573
0810561382
1148492719
0414821364
2215381046
0618701946
0445329619
0236082919
1112763982
1942079455
0522548100
2327046855
2333215646
0134092655
0738174364
1827482055
0837952037
2225617028
0616278319
0850814964
1752514637
0414580637
1443025164
2137536291
1907852100
0649587246
0608514300
1037148200
0820756828
1130951646
0941820737
0256491537
1536310746
0633584928
0320168328
1019413855
0257834964
0525782319
1327940828
1706478028
2333905128
1910726437
1735037182
0123579819
0733029582
1911205746
2100832719
0455413928
2222749055
2042530782
2437295819
2442950346
0313846219
1653527800
1811479682
1628029655
0104635128
0534850964
2049578328
1656754219
1319468273
1022613546
1100631582
2407351264
0656573200
1423985628
1441582491
0525382473
1832593800
1024798028
2112106755
2454567100
2120915746
0309627300
0505493173
1723840673
1002970546
0603518428
0115634982
1724527364
1343014782
0404391064
0538721646
2419076282
1530213946
1735127346
0736903582
2458134064
0401867091
0257098319
1332704919
1500527482
0132056137
0951972646
0705260791
1248201564
0543294519
1645780137
0828725619
0824326582
0822791855
2124329855
0826915746
0926792046
0715482391
1715789346
0213906482
0730486737
2330651473
1130985237
1742907546
2117482919
0730467128
1940569837
1916950173
2256105791
0952536100
2131932864
0915084919
0621576037
1037492682
0333561946
2108071328
1839350819
2119745237
0102781464
0117639482
1231852491
1720614528
1526594037
2313579646
1244685391
0709627300
1620972646
1008920155
0720184673
2012917682
1959457100
0218614237
0527029146
1906078455
2120581946
1443498655
0737362591
1707801428
0940427182
1305093682
0145417682
0212634055
0410327891
1021279400
1400879137
1043056128
2340647819
0202756037
1240627491
2439068173
1626130791
1001592600
2348153028
1628752346
1335928700
2353946728
0251645700
0207512437
0615137691
0830398419
0640284755
1817106237
0933729400
1806851237
1315203973
2457510828
1941760482
0937520682
2452034973
1945927637
0116875246
1042618300
1404053273
2250814391
1337864528
1027489619
0330619382
0343560791
0905137682
0319143700
0845347619
2346108491
0907054982
0425731464
0213296155
1852834973
0754937864
0910625891
2427325691
2100289419
0838296100
1255681028
0538605928
1302701537
1738946237
1704253173
2256859328
1856958200
2432957437
1629284673
0730147682
0512047637
1435326173
2106293419
2237501864
0507980464
1751645937
1521076591
0954793855
1710983628
1815826091
2049145600
0431784591
2240847137
2210217482
0643570982
0648312700
0937493819
0430956137
0624786300
0252819437
0148417291
0433208546
2012398546
1436458028
1254307255
0701983046
0607241391
0524526373
1106712482
1416450737
0227542900
1402046391
0720341591
0957192382
1139075646
2426583491
0529274300
2352065491
2455714237
1015210746
1011376428
1315748237
1113076219
0122981437
1824816373
2019568028
1627620155
0638623146
0151634873
0943871964
1640739246
0845271037
0220985737
2116537800
0915402173
2303276419
1104815973
1345316291
1014935828
0205837419
0825812073
1452184900
1346759146
2204603873
0458967046
0414852037
2032169700
0928254037
1944328091
0900579828
0958467019
1407421955
0942971055
1725374982
0250247591
2402380691
0533981546
0756105937
1111867500
2120825946
1928427164
2250926482
1956312946
0144259300
0437452082
1726283719
0218692073
1920195428
0125478264
0914921682
1257584937
2201982373
1740865919
0635314791
1908536291
1846082319
0956927137
2446248391
0148025973
0242683755
1445103946
1152137864
1320297864
1816597182
1038291564
1855294873
1918540328
1220513764
1857482519
1248457291
1658701946
1054862391
0350123791
1636142082
0526194237
0246915300
2049826700
0851697246
0221548791
0418731428
2010964237
1046195846
2112064782
0307815364
1739350873
1434213500
1247526846
1141052691
0721247564
1319065219
1020843719
0221830428
1533169746
1016721037
2325607837
1101842064
0450431282
1144209837
0941596828
0453964855
1825904864
2248693519
1737516328
2320679482
0555148900
1855643800
1511549600
1546573919
1256198528
1647632155
0805692419
1900537182
1550674191
0304189064
1530643582
2423894755
0957165391
2212817064
0603859064
0340596346
1107013564
1003986019
0905968237
0701782355
2245179300
1608270955
1744827564
1716132482
1410158273
0507512391
2107912682
0755906837
0112135073
1233718964
1506951700
0219036819
2306154782
0351940255
1511869728
0813075428
1113672800
0747926046
0528709537
0155983400
2226275846
1023265782
1102109482
0415860728
0324892137
2209450619
1146208955
0615740191
2233590846
0144579082
2433584273
0711694755
2010531946
0123092173
0320384591
0636327955
0310584737
0144069755
2242983500
1037859428
0218627537
0911430791
0152735191
0750167455
1806724155
1233251891
0141479655
2443081628
1843142582
2253260573
0911894500
2311436973
2129517400
1941546791
1307351891
0236590728
2443710546
0717812691
0443810955
1206859037
0250942364
0357816591
0616480537
2114875619
0256354173
0152103682
1522194782
1900532719
1527351082
0958706355
0137319846
1940817491
1207180646
1052390164
2115938073
1419170846
1300819537
2047695828
0110947255
2329052419
0333180528
1537548064
2319607346
1810762491
0307460819
1204527682
2229613528
1257518264
0904860737
2211342782
0646709546
1808104573
1618214355
1337541291
1437913246
1940315682
2157845264
2308763428
0211475828
2013590273
0318027355
2237501828
1715803191
1532670546
2054612382
1955097464
2320694237
0859461782
1448645273
1424276891
0455423700
1340395846
0831378055
1533640191
1834310928
1947180355
1848573600
0527619037
2148906728
1844620391
2223847264
1050567246
2015947100
1129754637
2113475291
0738942719
0120432755
0519435164
2340435691
1050423873
1118564219
0245934628
2006231982
0337142964
0105420764
2410192382
2423720619
0333715946
0340723855
0956704937
2106783191
1847913200
2034678391
1343426900
1405836419
1439841255
1720872946
1738609137
2049026319
0734715982
0716312582
0139682437
2453689028
0827139455
2358032719
0504862719
0648719055
1304062791
1739742519
1822130746
1742471500
1557956082
2241803628
2054352091
2031079564
2319571482
1643912455
0655867200
1039217537
1153697519
1928347091
0902507482
1113724091
0900386746
2214071328
1743168546
1624015273
1001427900
0523862746
1551348955
0710536191
0658906428
0800675182
1744130755
