0969710545
0971165218
0938535761
0967188039
0971089077
0973546897
0920252922
0986352603
0951070626
0952821820
0946763805
0913392041
0979937404
0979526988
0918568247
0951512737
0945054374
0989725412
0980605036
0959271954
0985929673
0946455079
0982464078
0922340020
0961422455
0994713540
0958993856
0932121222
0936801053
0927574944
0939557850
0982443088
0917799176
0986206869
0960012160
0945954075
0973084962
0942378709
0933060951
0934147711
0954653709
0916087061
0963264464
0974629950
0950386759
0991926392
0940262945
0924792446
0939611691
0937384752
0950154954
0969922798
0916274460
0952070658
0947414137
0938715024
0989312739
0910408143
0966732866
0991472363
0916820216
0928320566
0993990845
0942073330
0912980764
0996959801
0915781299
0954139738
0922829192
0968052129
0954448260
0978520095
0995165448
0963464252
0965105889
0915939761
0927799828
0996931829
0980959042
0959886719
0935581356
0973867494
0914348727
0923099444
0950923293
0978704862
0956828546
0928445524
0930328619
0945343515
0979560606
0954697062
0941246985
0997816928
0910355897
0910197138
0964361367
0912558600
0954148848
0977255348
0963304313
0975009253
0940630002
0925291533
0972277453
0933587028
0949097486
0989674436
0993693015
0992987134
0970636437
0996323371
0971114073
0970356807
0917878059
0925030677
0936516511
0933305048
0980937298
0914555937
0961679336
0912188568
0968110247
0977802081
0937069569
0934546106
0985638557
0927396805
0932670999
0924169893
0937420985
0997409370
0950905381
0940178906
0999075625
0997994895
0963662550
0971560609
0943567814
0926681360
0949291436
0987278495
0968388839
0955957013
0912815843
0911935715
0925431946
0980978322
0929016736
0984254431
0988849857
0963755828
0920607471
0998147110
0962826111
0946412624
0921518394
0975096237
0919294401
0981917223
0938908367
0979843271
0926291637
0934965255
0967185772
0932272158
0927951496
0944462121
0978574507
0912906795
0960611111
0973974740
0973189204
0976489600
0938669801
0993802241
0945785559
0933429736
0917450666
0939582117
0924675186
0977329708
0962136851
0995011191
0963265723
0927021245
0999894683
0932588434
0988165824
0958737049
0952116663
0924245292
0961650976
0949954198
0961264071
0912272877
0919310805
0966770451
0999166743
0976015159
0994586125
0989948097
0985346762
0967253299
0977361875
0983950234
0991696066
0966425717
0963261569
0920496898
0945340558
0941236003
0988567463
0957217657
0963520411
0922279214
0984583765
0977198477
0930577463
0925767621
0946442328
0982028137
0995203632
0956817057
0948387757
0951455291
0964473257
0931717647
0973969566
0997226250
0990077313
0949872579
0990064590
0921559099
0930603892
0967879622
0988754414
0961856515
0950437582
0913310522
0930068246
0916353338
0957093770
0941764380
0931339774
0919895841
0995221174
0927929981
0932155443
0981639726
0912027041
0946497584
0916326966
0934908449
0920187582
0986649704
0976375584
0947492242
0973426710
0934800527
0915155885
0916292369
0935180572
0930275269
0980895271
0920411016
0973635870
0926487532
0968449326
0933788713
0981055402
0965029429
0959824648
0974097447
0947876030
0985792141
0914511601
0929170998
0999305578
0921664671
0933550508
0997921244
0910767119
0995065441
0983229359
0940100885
0962183764
0927454117
0972498278
0929502726
0999964310
0923778263
0928642093
0925265986
0969564420
0962359127
0952219615
0966489323
0920358876
0927501063
0975043865
0950535817
0951720188
0916842067
0913371517
0964560121
0954458226
0933499618
0910461636
0915743041
0992325597
0942028745
0927139535
0921675793
0923284922
0936995200
0979146340
0919010571
0933758722
0914963844
0981273597
0923922756
0961049940
0959128873
0933034863
0933269432
0936001585
0941381551
0995840040
0952838213
0970123070
0992755164
0950127675
0989101028
0912947222
0921554933
0942702391
0996422138
0997489403
0973853560
0955305343
0956155625
0932262744
0961176536
0934201491
0991756429
0949345465
0952869164
0921862081
0981086014
0914688055
0945681671
0911439080
0974073046
0928859007
0972693815
0961156833
0983525288
0970145438
0950272145
0935473917
0929923877
0935045791
0933592184
0926429616
0994702604
0952601506
0941232460
0939312288
0946252864
0936879778
0986872591
0980469637
0961943858
0985792027
0969937709
0995180058
0937415910
0961854634
0998428379
0927161678
0974971451
0910136101
0919404192
0986553172
0947289687
0948550912
0972106270
0987582308
0963610513
0976553154
0959774736
0972033798
0916829361
0973329597
0936693392
0991895470
0952432942
0983058725
0953753777
0939209184
0972365992
0912972858
0999672256
0954495959
0991494460
0934622845
0997662561
0962481102
0932495759
0992692808
0984686191
0949765584
0958293843
0926741958
0929908993
0981188668
0923153700
0976107135
0983878886
0944301415
0944571481
0910344574
0993495859
0910143106
0923130910
0999033755
0965868345
0989249548
0945782158
0925037230
0999773972
0947519747
0963933763
0953648522
0940361133
0932457042
0924102861
0972229144
0944034545
0995023507
0962665510
0931562338
0967859301
0996539959
0951768094
0947515898
0975293376
0967357337
0910398973
0940273583
0947286798
0910525748
0962074489
0997503932
0952196455
0990811430
0912662094
0934752132
0939357689
0922960826
0993715986
0957700628
0955425072
0917152347
0983699286
0969246608
0970368280
0965981455
0987867676
0992434244
0970953745
0952699835
0943558968
0955452832
0970229373
0977573299
0953781047
0989446137
0921717361
0995218307
0949083076
0967246969
0947464876
0929480205
0918898128
0923712433
0989617061
0918372222
0965609790
0974511823
0941741561
0970167753
0926850607
0930427046
0971907300
0949100241
0994362205
0930315175
0973597312
0993971135
0962051103
0954779435
0929622303
0957223747
0919373976
0966128087
0997141739
0943793017
0976465528
0915912403
0944406516
0977229551
0934933018
0984428720
0989000147
0913690128
0985674035
0985794030
0996206872
0917658419
0951150566
0957666043
0984716014
0923891307
0955931478
0950030069
0973830740
0997594024
0947000026
0959455520
0943970197
0935936991
0983900918
0917693337
0966700822
0979983948
0998766732
0921413967
0994484312
0940346215
0969747841
0948569635
0961340108
0995965915
0923111129
0945279890
0932498067
0979076035
0986868646
0925637140
0977377614
0974600440
0974483779
0988222833
0982661996
0934563352
0940530408
0933284634
0962500634
0979470413
0998116942
0926398115
0952017416
0936804142
0996389090
0992472220
0928692046
0934610559
0950841729
0988845748
0982152106
0940398343
0982184452
0953839841
0963071684
0998745528
0965088341
0990502770
0951330915
0984881152
0983893869
0985219659
0930182897
0932982891
0914272131
0915057659
0999723594
0999800829
0958066342
0954056245
0955655218
0938262890
0999458645
0939575423
0975622547
0981391205
0945564219
0929618842
0917111060
0968826503
0939885641
0955534885
0970578289
0922220484
0985236892
0977041868
0953682998
0920660187
0975300157
0929463676
0974764451
0928926178
0979085149
0989659146
0989610273
0915351712
0996807829
0964592442
0947282046
0953187909
0952824161
0928575571
0941539721
0976603099
0924703424
0921015778
0911865676
0957549715
0979408273
0955275571
0924015777
0969174314
0931533952
0974636190
0926873780
0941788592
0925055576
0918313871
0968161306
0996830762
0911972666
0958890351
0961475299
0988390243
0973942264
0976293370
0950265542
0946681166
0937186940
0957845599
0954688353
0934081447
0941260379
0940684287
0986856085
0949649747
0938270593
0996330195
0930760018
0944514142
0916020385
0960711646
0958167243
0989373594
0956691636
0989196957
0949940337
0917263493
0955192632
0937252226
0996776923
0932257727
0981060699
0980655332
0975108223
0919801452
0934375948
0951808321
0958516584
0997085836
0991400115
0950711734
0950720108
0937925926
0969399560
0951897256
0963867577
0997636415
0976257203
0916637091
0917619924
0910274555
0922878437
0968386155
0938849141
0951430568
0943557299
0932607197
0947019396
0997256105
0990735218
0931564483
0954155687
0919547878
0928095656
0918385842
0983218364
0985785907
0976878650
0962047645
0943901829
0974126643
0946377423
0924682797
0989159645
0965568161
0946939883
0916381872
0963324033
0911870059
0931287540
0937377440
0987951656
0975446965
0969320162
0943360288
0959480970
0922963294
0980443037
0974925682
0939362015
0921064970
0965386199
0921726945
0944670249
0961436043
0945244480
0975298503
0976706454
0942831664
0971778809
0920342005
0968954798
0959888362
0984665217
0921613070
0987947855
0927568801
0963662940
0948364747
0997328919
0919348338
0987994641
0966436754
0939281481
0913664463
0915839567
0956624847
0982530872
0942469869
0982133595
0933812900
0966584320
0933273565
0958332879
0954897873
0926556525
0999855730
0969592837
0989404203
0970579718
0930616442
0936598952
0946929673
0942935443
0966692969
0994764141
0975707387
0925830085
0987307766
0957190343
0937481251
0964671330
0952093273
0961622912
0967436150
0923281285
0976891610
0914321111
0983325131
0935916839
0964729393
0953535171
0948597295
0913952608
0916240800
0942832968
0964456843
0957088099
0952705635
0944035357
0918182078
0955225058
0967919853
0921232058
0987097265
0920120644
0970010929
0957287185
0965546914
0946932637
0930480632
0997231946
0922850064
0916285152
0952796703
0913584618
0980545303
0924708319
0916841841
0942024691
0954543991
0931406913
0967117162
0975005111
0958568835
0929912874
0929187726
0963988118
0927790712
0936123255
0924451934
0954979632
0977400121
0963151793
0960531876
0984769107
0922028859
0978782927
0936299096
0931900166
0959557852
0957008082
0994636511
0930426533
0917803049
0936989120
0913787170
0920472871
0920872111
0928738697
0995043476
0915258378
0921435479
0944664090
0963313563
0947708658
0970455722
0996414625
0996122256
0940339403
0972678497
0948393003
0911145400
0970848163
0925829209
0931655808
0915109569
0955101061
0978732000
0959569434
0938731251
0910524384
0915668383
0934029569
0963812251
0935824755
0918819673
0986920931
0945341723
0923109300
0924479870
0940048808
0976934464
0959307109
0924424927
0922251476
0928114028
0935201996
0969741009
0949517621
0986461488
0984938704
0936568132
0936055298
0913358386
0968180183
0942003517
0965968834
0937269272
0987254421
0980159340
0912493867
0961903331
0954634692
0996694481
0960690838
0981226522
0991585607
0970249268
0951618246
0998812451
0973968160
0989711774
0912779883
0989860799
0937257696
0944084827
0968249309
0972620361
0981566510
0975892745
0965210817
0944663387
0965190446
0911216567
0950116487
0987093761
0990807687
0955248096
0952178176
0930132478
0999461835
0935510724
0982558414
0962666541
0974811606
0923613357
0990076648
0958693188
0934186346
0916742488
0945880587
0923562027
0920775881
0920190675
0965254977
0966435421
0945852614
0958049637
0924716743
0977394672
0940031112
0916452341
